Tipo,NombreRestaurante_,NombreUsuario_,LocalizaciónUsario_,NivelUsuario_,OpinionesTotalesUsuario_,VotosUtiles_,IDComentario_,ValoracionComentario_,TituloComentario_,Comentario_,FechaCometario_,FechaVisitaRestaurante_,ValoracionesComentario_,ResumenPuntuacionesRestaurante_,PrecioMedio_,TipoCocina_,Comida_,CaracteristicasDelResaurante_,AconsejablePara_,Horarios_,DireccionCompletaRestaurante_,Descripcion_
¬Restaurante¬;¬Alright¬;¬eugenio1321¬;¬Madrid, España¬;¬3¬;¬8¬;¬2¬;¬eugenio1321Mu_Inc¬;¬5¬;¬Muy bueno todo¬;¬Increíble! Comida y atención del personal! Volveremos sin dudar. Lo lleva una familia y son muy pintorescos! Nos reímos mucho allí.¬;¬22 julio 2016¬;¬¬;¬¬;¬¬;¬¬;¬Americana, Internacional, Menú para celíacos¬;¬Cenas, Comidas¬;¬Para llevar, Camareros, Tronas disponibles, Acceso para discapacitados, Sirve alcohol, Bar completo, Acepta Mastercard, Acepta Visa, Reservas, Capacidad¬;¬Comer barato, Ocasiones especiales, Grupos grandes, Familias con niños¬;¬domingo 13:30 - 16:00 martes 13:30 - 16:00 miércoles 13:30 - 16:00 jueves 13:30 - 16:00 viernes 13:30 - 16:00 sábado 13:30 - 16:00¬;¬Dirección: Calle de Pedro Rico, 41 | Lateral Avda de la Ilustracion, 28029 Madrid, España Ubicación: Europa  >  España  >  Comunidad de Madrid  >  Madrid Número de teléfono: 34912190725¬;¬PERMANECEREMOS CERRADOS EN AGOSTO¬
¬Restaurante¬;¬Alright¬;¬llobre¬;¬¬;¬2¬;¬9¬;¬7¬;¬llobreEl_Es¬;¬5¬;¬El MEJOR de Madrid¬;¬Es la segunda vez que voy y no pude salir más encantado, pedí el menu de medio día incluye media ración, un principal, bebida,postre y luego ya puedes salir rodando del restaurante. Recomiendo el risotto y de principal las costillas aunque todo es un acierto. Volveré siempre que pueda. Saludos,¬;¬20 julio 2016¬;¬¬;¬¬;¬¬;¬¬;¬Americana, Internacional, Menú para celíacos¬;¬Cenas, Comidas¬;¬Para llevar, Camareros, Tronas disponibles, Acceso para discapacitados, Sirve alcohol, Bar completo, Acepta Mastercard, Acepta Visa, Reservas, Capacidad¬;¬Comer barato, Ocasiones especiales, Grupos grandes, Familias con niños¬;¬domingo 13:30 - 16:00 martes 13:30 - 16:00 miércoles 13:30 - 16:00 jueves 13:30 - 16:00 viernes 13:30 - 16:00 sábado 13:30 - 16:00¬;¬Dirección: Calle de Pedro Rico, 41 | Lateral Avda de la Ilustracion, 28029 Madrid, España Ubicación: Europa  >  España  >  Comunidad de Madrid  >  Madrid Número de teléfono: 34912190725¬;¬PERMANECEREMOS CERRADOS EN AGOSTO¬
¬Restaurante¬;¬Alright¬;¬PacoRueda¬;¬Madrid, España¬;¬4¬;¬38¬;¬22¬;¬PacoRuedaUn_Est¬;¬5¬;¬Una muy grata sorpresa¬;¬Este restaurante ha sido todo un descubrimiento. Hasta mi primera visita (y vendrán más) no había oído hablar de él pero la experiencia ha sido totalmente satisfactoria. Desde la pasión y dedicación del encargado (no sé si e era el dueño), pasando por el atento servicio de las camareras y la agradable ambientación del local... hasta llegar a lo mejor:... Más  Este restaurante ha sido todo un descubrimiento. Hasta mi primera visita (y vendrán más) no había oído hablar de él pero la experiencia ha sido totalmente satisfactoria. Desde la pasión y dedicación del encargado (no sé si e era el dueño), pasando por el atento servicio de las camareras y la agradable ambientación del local... hasta llegar a lo mejor: la excelente comida americana, con toques originales e incluso de diseño. Las costillas un manjar. Entrantes deliciosos como el falso risotto, los nachos y las patatas con huevo y trufa. Y los postres caseros: milhojas, tarta de zanahoria, ... Todo excelente.¬;¬20 julio 2016¬;¬¬;¬¬;¬¬;¬¬;¬Americana, Internacional, Menú para celíacos¬;¬Cenas, Comidas¬;¬Para llevar, Camareros, Tronas disponibles, Acceso para discapacitados, Sirve alcohol, Bar completo, Acepta Mastercard, Acepta Visa, Reservas, Capacidad¬;¬Comer barato, Ocasiones especiales, Grupos grandes, Familias con niños¬;¬domingo 13:30 - 16:00 martes 13:30 - 16:00 miércoles 13:30 - 16:00 jueves 13:30 - 16:00 viernes 13:30 - 16:00 sábado 13:30 - 16:00¬;¬Dirección: Calle de Pedro Rico, 41 | Lateral Avda de la Ilustracion, 28029 Madrid, España Ubicación: Europa  >  España  >  Comunidad de Madrid  >  Madrid Número de teléfono: 34912190725¬;¬PERMANECEREMOS CERRADOS EN AGOSTO¬
¬Restaurante¬;¬Alright¬;¬Albertopg74¬;¬¬;¬2¬;¬9¬;¬6¬;¬Albertopg74Me_Cal¬;¬5¬;¬Menu Mediodía Espectacular¬;¬Calidad y servicio espectacular, cuidado al detalle. El menú de mediodía a muy buen precio con productos de la carta. Como se nota cuando se disfruta con su trabajo. Calidad y servicio espectacular, cuidado al detalle. El menú de mediodía a muy buen precio con productos de la carta. Como se nota cuando se disfruta con su trabajo.¬;¬19 julio 2016¬;¬¬;¬¬;¬¬;¬¬;¬Americana, Internacional, Menú para celíacos¬;¬Cenas, Comidas¬;¬Para llevar, Camareros, Tronas disponibles, Acceso para discapacitados, Sirve alcohol, Bar completo, Acepta Mastercard, Acepta Visa, Reservas, Capacidad¬;¬Comer barato, Ocasiones especiales, Grupos grandes, Familias con niños¬;¬domingo 13:30 - 16:00 martes 13:30 - 16:00 miércoles 13:30 - 16:00 jueves 13:30 - 16:00 viernes 13:30 - 16:00 sábado 13:30 - 16:00¬;¬Dirección: Calle de Pedro Rico, 41 | Lateral Avda de la Ilustracion, 28029 Madrid, España Ubicación: Europa  >  España  >  Comunidad de Madrid  >  Madrid Número de teléfono: 34912190725¬;¬PERMANECEREMOS CERRADOS EN AGOSTO¬
¬Restaurante¬;¬Alright¬;¬AlbaL65¬;¬Madrid, España¬;¬2¬;¬5¬;¬1¬;¬AlbaL65Ex_La¬;¬5¬;¬Excepcional y recomendable.¬;¬La comida espectacular. Eramos dos personas y pedimos media de falso risotto, media de huevos rotos con trufa negra y un costillar Alright. De postre compartimos un brownie con baño de chocolate blanco fundido (hay que pedirlo expresamente). El risotto y el costillar son los mejores que he probado nunca. Los huevos estaban deliciosos y el brownie muy rico. Me... Más  La comida espectacular. Eramos dos personas y pedimos media de falso risotto, media de huevos rotos con trufa negra y un costillar Alright. De postre compartimos un brownie con baño de chocolate blanco fundido (hay que pedirlo expresamente). El risotto y el costillar son los mejores que he probado nunca. Los huevos estaban deliciosos y el brownie muy rico. Me he quedado con ganas de probar más carta. El servicio ha sido súper atento sin ser excesivamente cargante como en algunos sitios: propietario muy explicativo y cercano, su hermana nos dio mesa también súper agradable y una camarera nueva que culminó la excelencia en el trato. La decoración es bonita y el ambiente es agradable, si bien un poco demasiado frío el aire acondicionado para mi gusto. Relación calidad precio inmejorable. Será para mí un habitual a paritr de ahora. Gracias a todo el equipo y a esa cocina estupenda!¬;¬19 julio 2016¬;¬Visitado el julio de 2016¬;¬Relación calidad-precio 5;Servicio 5;Comida 5¬;¬¬;¬¬;¬Americana, Internacional, Menú para celíacos¬;¬Cenas, Comidas¬;¬Para llevar, Camareros, Tronas disponibles, Acceso para discapacitados, Sirve alcohol, Bar completo, Acepta Mastercard, Acepta Visa, Reservas, Capacidad¬;¬Comer barato, Ocasiones especiales, Grupos grandes, Familias con niños¬;¬domingo 13:30 - 16:00 martes 13:30 - 16:00 miércoles 13:30 - 16:00 jueves 13:30 - 16:00 viernes 13:30 - 16:00 sábado 13:30 - 16:00¬;¬Dirección: Calle de Pedro Rico, 41 | Lateral Avda de la Ilustracion, 28029 Madrid, España Ubicación: Europa  >  España  >  Comunidad de Madrid  >  Madrid Número de teléfono: 34912190725¬;¬PERMANECEREMOS CERRADOS EN AGOSTO¬
¬Restaurante¬;¬Alright¬;¬Jose Manuel E¬;¬¬;¬4¬;¬47¬;¬25¬;¬Jose Manuel ECo_Un¬;¬5¬;¬Cocina americana hecha con cariño. Muy recomendable¬;¬Un gran descubrimiento. Desde el principio nos han tratado de maravilla, desde la chica que nos cogió la mesa, camareros, el dueño...Este último viene y te cuenta lo que tienen fuera de carta pero lejos de lo que yo me esperaba, no es un cantamañanas intentando colarte un gol. De verdad, dejaros aconsejar. Tomamos, para 4: Costillar de wagyu (rico...pero... Más  Un gran descubrimiento. Desde el principio nos han tratado de maravilla, desde la chica que nos cogió la mesa, camareros, el dueño...Este último viene y te cuenta lo que tienen fuera de carta pero lejos de lo que yo me esperaba, no es un cantamañanas intentando colarte un gol. De verdad, dejaros aconsejar. Tomamos, para 4: Costillar de wagyu (rico...pero menos de lo esperado), costillas de la casa (excepcionales, hay que probarlas si o si), ceviche de corvina (menos mal...alguien que hace un ceviche como dios manda) y nachos caseros (si, son caseros, salsas incluídas. Buenísimos). Me quedo con ganas de probar las hamburguesas, que tenían una pinta tremenda. Con bebidas, salimos a 18€ por barba, y además nos invitaron a una ronda. Gran sitio¬;¬18 julio 2016¬;¬Visitado el julio de 2016¬;¬Relación calidad-precio 5;Servicio 5;Comida 5¬;¬¬;¬¬;¬Americana, Internacional, Menú para celíacos¬;¬Cenas, Comidas¬;¬Para llevar, Camareros, Tronas disponibles, Acceso para discapacitados, Sirve alcohol, Bar completo, Acepta Mastercard, Acepta Visa, Reservas, Capacidad¬;¬Comer barato, Ocasiones especiales, Grupos grandes, Familias con niños¬;¬domingo 13:30 - 16:00 martes 13:30 - 16:00 miércoles 13:30 - 16:00 jueves 13:30 - 16:00 viernes 13:30 - 16:00 sábado 13:30 - 16:00¬;¬Dirección: Calle de Pedro Rico, 41 | Lateral Avda de la Ilustracion, 28029 Madrid, España Ubicación: Europa  >  España  >  Comunidad de Madrid  >  Madrid Número de teléfono: 34912190725¬;¬PERMANECEREMOS CERRADOS EN AGOSTO¬
¬Restaurante¬;¬Alright¬;¬SamuelQA¬;¬Las Palmas de Gran Canaria, Canarias, Spain¬;¬4¬;¬27¬;¬4¬;¬SamuelQATo_Res¬;¬5¬;¬Totalmente recomendado!!!!¬;¬Restaurante de espíritu familiar. Desde el primer momento nos sentimos como en casa. El trato fue muy profesional, y el propietario supo recomendarnos perfectamente lo que debíamos pedir según nuestros gustos. Muy bien la relación calidad-precio. Volveremos seguro. Restaurante de espíritu familiar. Desde el primer momento nos sentimos como en casa. El trato fue muy profesional, y el propietario supo recomendarnos perfectamente lo que debíamos pedir según nuestros gustos. Muy bien la relación calidad-precio. Volveremos seguro.¬;¬17 julio 2016¬;¬¬;¬¬;¬¬;¬¬;¬Americana, Internacional, Menú para celíacos¬;¬Cenas, Comidas¬;¬Para llevar, Camareros, Tronas disponibles, Acceso para discapacitados, Sirve alcohol, Bar completo, Acepta Mastercard, Acepta Visa, Reservas, Capacidad¬;¬Comer barato, Ocasiones especiales, Grupos grandes, Familias con niños¬;¬domingo 13:30 - 16:00 martes 13:30 - 16:00 miércoles 13:30 - 16:00 jueves 13:30 - 16:00 viernes 13:30 - 16:00 sábado 13:30 - 16:00¬;¬Dirección: Calle de Pedro Rico, 41 | Lateral Avda de la Ilustracion, 28029 Madrid, España Ubicación: Europa  >  España  >  Comunidad de Madrid  >  Madrid Número de teléfono: 34912190725¬;¬PERMANECEREMOS CERRADOS EN AGOSTO¬
¬Restaurante¬;¬Alright¬;¬Julio C¬;¬¬;¬2¬;¬5¬;¬2¬;¬Julio CEs_Las¬;¬5¬;¬Espectacular!!!¬;¬Las expectativas estaban muy altas por las referencias que nos habían dado y no defraudó. Todo buenísimo. Con ganas de repetir Las expectativas estaban muy altas por las referencias que nos habían dado y no defraudó. Todo buenísimo. Con ganas de repetir¬;¬17 julio 2016¬;¬¬;¬¬;¬¬;¬¬;¬Americana, Internacional, Menú para celíacos¬;¬Cenas, Comidas¬;¬Para llevar, Camareros, Tronas disponibles, Acceso para discapacitados, Sirve alcohol, Bar completo, Acepta Mastercard, Acepta Visa, Reservas, Capacidad¬;¬Comer barato, Ocasiones especiales, Grupos grandes, Familias con niños¬;¬domingo 13:30 - 16:00 martes 13:30 - 16:00 miércoles 13:30 - 16:00 jueves 13:30 - 16:00 viernes 13:30 - 16:00 sábado 13:30 - 16:00¬;¬Dirección: Calle de Pedro Rico, 41 | Lateral Avda de la Ilustracion, 28029 Madrid, España Ubicación: Europa  >  España  >  Comunidad de Madrid  >  Madrid Número de teléfono: 34912190725¬;¬PERMANECEREMOS CERRADOS EN AGOSTO¬
¬Restaurante¬;¬Alright¬;¬Francisco Jose G¬;¬Madrid, España¬;¬3¬;¬10¬;¬4¬;¬Francisco Jose GIm_Des¬;¬5¬;¬Imprescindible, genial en todos los sentidos¬;¬Descubrimos Alright precisamente por su clasificación en Tripadvisor; ¿un restaurante de comida ""rápida"" y americana el número 2 en Madrid? Eso había que comprobarlo. Un vistazo a los comentarios y ya empiezas a darte cuenta de que de rápida no tiene nada la comida de este maravilloso restaurante. Un paseo por su web y confirmas que este pequeño local fuera... Más  Descubrimos Alright precisamente por su clasificación en Tripadvisor; ¿un restaurante de comida ""rápida"" y americana el número 2 en Madrid? Eso había que comprobarlo. Un vistazo a los comentarios y ya empiezas a darte cuenta de que de rápida no tiene nada la comida de este maravilloso restaurante. Un paseo por su web y confirmas que este pequeño local fuera del ""circuito típico del centro de la capital"" va a merecer la pena incluirlo en la lista de sitios favoritos en cuanto lo visitemos. Y no nos equivocamos, es ir una vez y estar deseando tener un buen motivo para volver cuanto antes. La atención perfecta, atentos, explicando con detalle los platos para que la elección sea lo que esperas, carta extensa y variada, pero además con bastantes platos fuera de carta que cambian de una visita a otra y que son tan buenos o más que los habituales. Los ingredientes denotan calidad, la elaboración primorosa, el servicio personal y profesional, hasta la cerveza es especial y fuera de lo común y habitual!!!!! Y encima la relación calidad / precio mejor que buena. En resumen, un lugar imprescindible y no sólo para los amantes de la comida americana, aunque lógicamente esa sea la línea principal de este restaurante. Seguiremos repitiendo!!!!¬;¬17 julio 2016¬;¬Visitado el junio de 2016¬;¬Relación calidad-precio 5;Servicio 5;Comida 5¬;¬¬;¬¬;¬Americana, Internacional, Menú para celíacos¬;¬Cenas, Comidas¬;¬Para llevar, Camareros, Tronas disponibles, Acceso para discapacitados, Sirve alcohol, Bar completo, Acepta Mastercard, Acepta Visa, Reservas, Capacidad¬;¬Comer barato, Ocasiones especiales, Grupos grandes, Familias con niños¬;¬domingo 13:30 - 16:00 martes 13:30 - 16:00 miércoles 13:30 - 16:00 jueves 13:30 - 16:00 viernes 13:30 - 16:00 sábado 13:30 - 16:00¬;¬Dirección: Calle de Pedro Rico, 41 | Lateral Avda de la Ilustracion, 28029 Madrid, España Ubicación: Europa  >  España  >  Comunidad de Madrid  >  Madrid Número de teléfono: 34912190725¬;¬PERMANECEREMOS CERRADOS EN AGOSTO¬
¬Restaurante¬;¬Alright¬;¬Mariano D¬;¬¬;¬0¬;¬2¬;¬0¬;¬Mariano DEs_Tod¬;¬5¬;¬Espectacular¬;¬Todo riquísimo. Trato mejor. Risotto, burrito y tarta de zanahoria impresionantes. Relación calidad precio sin palabras. Muy muy recomendable. Todo riquísimo. Trato mejor. Risotto, burrito y tarta de zanahoria impresionantes. Relación calidad precio sin palabras. Muy muy recomendable.¬;¬16 julio 2016¬;¬¬;¬¬;¬¬;¬¬;¬Americana, Internacional, Menú para celíacos¬;¬Cenas, Comidas¬;¬Para llevar, Camareros, Tronas disponibles, Acceso para discapacitados, Sirve alcohol, Bar completo, Acepta Mastercard, Acepta Visa, Reservas, Capacidad¬;¬Comer barato, Ocasiones especiales, Grupos grandes, Familias con niños¬;¬domingo 13:30 - 16:00 martes 13:30 - 16:00 miércoles 13:30 - 16:00 jueves 13:30 - 16:00 viernes 13:30 - 16:00 sábado 13:30 - 16:00¬;¬Dirección: Calle de Pedro Rico, 41 | Lateral Avda de la Ilustracion, 28029 Madrid, España Ubicación: Europa  >  España  >  Comunidad de Madrid  >  Madrid Número de teléfono: 34912190725¬;¬PERMANECEREMOS CERRADOS EN AGOSTO¬
